878
636
407
983
895
735
520
998
904
150
212
538
750
362
436
215
630
506
20
914
272
207
266
298
135
565
43
964
942
705
562
249
734
203
840
152
357
718
84
189
871
256
928
252
55
711
97
694
370
102
801
403
738
690
13
403
728
606
871
14
728
213
579
885
487
638
764
656
122
164
829
450
683
144
766
382
160
512
366
981
988
595
420
421
236
47
167
728
343
515
40
627
500
766
450
922
732
315
961
641
327
76
129
287
158
353
514
562
408
865
429
82
373
674
495
976
194
625
93
297
209
937
441
309
814
870
455
382
742
630
549
357
988
53
252
754
548
335
153
249
573
161
976
646
773
959
497
110
827
299
778
196
619
613
11
13
39
435
943
758
121
180
67
780
204
630
123
789
933
196
660
522
656
732
629
958
139
855
300
590
1
468
430
813
293
171
21
840
580
61
869
944
428
240
789
118
215
492
860
515
963
111
824
910
932
569
887
90
736
114
739
915
542
921
703
57
205
65
418
552
120
676
635
376
14
915
478
682
403
119
379
284
241
978
398
886
763
911
768
384
834
24
483
923
348
566
614
10
406
591
604
607
26
604
245
812
792
755
223
372
182
337
650
771
518
966
908
517
797
562
143
955
178
537
111
687
789
966
375
959
930
97
957
802
947
865
776
814
418
983
781
210
350
879
141
769
251
975
906
110
455
642
163
272
862
139
391
716
169
985
821
468
510
282
36
777
60
348
743
589
727
621
394
527
586
766
429
187
130
519
912
517
921
652
502
610
136
15
163
768
967
294
274
530
966
362
676
374
147
282
663
692
69
567
270
771
748
388
314
236
378
749
264
824
279
876
989
945
805
228
924
363
3
863
742
984
26
55
65
831
20
9
269
573
575
906
606
934
202
655
664
403
764
416
13
580
858
75
640
291
801
711
393
408
573
341
486
439
926
67
892
9
587
275
512
30
293
11
168
414
545
316
280
271
72
565
476
403
337
114
621
780
563
330
124
503
263
695
411
963
348
21
876
93
899
935
220
185
32
80
714
484
947
114
997
343
170
208
579
394
807
788
359
2
177
801
301
706
276
160
485
234
249
160
708
736
706
759
796
108
778
334
929
32
465
234
817
526
635
545
840
371
721
340
910
66
559
853
502
545
252
425
165
89
812
213
613
554
567
362
404
490
351
204
755
583
859
529
258
842
938
594
22
557
479
712
85
188
13
870
790
527
432
424
304
880
153
232
94
129
773
136
288
230
618
291
724
11
985
590
406
249
460
389
552
173
347
704
485
498
212
188
840
533
799
786
799
364
218
255
333
325
670
357
773
791
925
822
426
982
939
423
307
822
325
692
363
107
302
678
398
31
931
81
200
376
359
55
206
803
659
189
922
925
399
609
883
381
965
262
717
59
223
489
293
179
680
898
620
427
455
583
498
295
918
808
483
542
978
733
686
449
801
141
714
925
250
842
127
724
150
366
381
282
83
805
772
614
960
955
308
839
263
836
703
358
675
96
310
64
625
933
59
113
729
355
430
460
513
157
680
128
648
285
369
235
291
403
510
889
658
348
929
659
111
466
788
597
730
283
325
933
836
782
484
10
334
307
605
822
888
787
37
73
97
526
971
452
299
112
701
569
36
863
302
4
677
48
19
593
859
527
775
628
110
759
359
42
654
612
517
395
983
263
172
103
351
445
159
290
479
247
914
752
569
122
128
282
898
683
407
571
786
277
163
758
331
962
430
437
859
646
559
598
807
665
817
750
965
345
354
706
176
376
934
99
286
473
454
988
287
915
321
543
346
651
513
756
53
290
344
271
15
678
435
60
802
427
376
514
429
521
707
6
739
294
940
268
991
977
862
27
699
380
226
25
63
78
925
268
932
690
648
612
33
597
661
672
849
982
81
218
414
690
589
963
371
180
71
759
343
617
143
97
955
159
460
328
534
410
465
494
550
555
433
713
415
930
19
389
431
266
211
192
506
156
454
101
714
11
545
725
489
569
425
439
488
261
565
63
637
796
669
508
744
599
168
942
277
639
701
287
13
233
118
917
280
700
19
553
423
120
504
657
426
427
969
171
568
133
116
989
583
261
801
270
987
904
275
2
897
716
734
87
906
725
145
431
699
788
624
615
830
56
122
908
632
362
872
71
831
16
767
535
861
811
54
57
529
285
652
477
971
54
441
795
942
774
878
577
166
2
55
792
322
869
19
581
759
317
851
885
700
878
734
562
21
740
609
694
35
42
815
728
625
820
415
42
14
947
622
313
500
186
463
978
284
494
881
